{
 "cells": [
  {
   "cell_type": "code",
   "execution_count": 1,
   "metadata": {},
   "outputs": [],
   "source": [
    "import pandas as pd \n",
    "import numpy as np \n",
    "from sklearn.feature_selection import chi2\n",
    "from sklearn.neighbors import KNeighborsClassifier\n",
    "from sklearn.model_selection import cross_val_score\n",
    "from sklearn.model_selection import RepeatedStratifiedKFold\n",
    "from sklearn.linear_model import LogisticRegression\n",
    "from sklearn.neighbors import DistanceMetric\n",
    "import statistics \n",
    "from sklearn.metrics import accuracy_score\n",
    "from sklearn.metrics import confusion_matrix\n",
    "from scipy.stats import ttest_ind"
   ]
  },
  {
   "cell_type": "code",
   "execution_count": 2,
   "metadata": {},
   "outputs": [],
   "source": [
    "#wczytanie wektora klas\n",
    "classes = pd.read_csv('bialaczka.csv', encoding='unicode_escape', sep=\";\", usecols=[22])\n",
    "#wczytanie nazw cech\n",
    "features_names = pd.read_csv(\"cechy.csv\")\n",
    "classes_names = pd.read_csv(\"klasy.csv\", encoding='unicode_escape')\n"
   ]
  },
  {
   "cell_type": "code",
   "execution_count": 3,
   "metadata": {},
   "outputs": [
    {
     "data": {
      "text/html": [
       "<div>\n",
       "<style scoped>\n",
       "    .dataframe tbody tr th:only-of-type {\n",
       "        vertical-align: middle;\n",
       "    }\n",
       "\n",
       "    .dataframe tbody tr th {\n",
       "        vertical-align: top;\n",
       "    }\n",
       "\n",
       "    .dataframe thead th {\n",
       "        text-align: right;\n",
       "    }\n",
       "</style>\n",
       "<table border=\"1\" class=\"dataframe\">\n",
       "  <thead>\n",
       "    <tr style=\"text-align: right;\">\n",
       "      <th></th>\n",
       "      <th>1</th>\n",
       "      <th>2</th>\n",
       "      <th>3</th>\n",
       "      <th>4</th>\n",
       "      <th>5</th>\n",
       "      <th>6</th>\n",
       "      <th>7</th>\n",
       "      <th>8</th>\n",
       "      <th>9</th>\n",
       "      <th>10</th>\n",
       "      <th>11</th>\n",
       "      <th>12</th>\n",
       "      <th>13</th>\n",
       "      <th>14</th>\n",
       "      <th>15</th>\n",
       "      <th>16</th>\n",
       "      <th>17</th>\n",
       "      <th>18</th>\n",
       "      <th>19</th>\n",
       "      <th>20</th>\n",
       "    </tr>\n",
       "  </thead>\n",
       "  <tbody>\n",
       "    <tr>\n",
       "      <th>0</th>\n",
       "      <td>2</td>\n",
       "      <td>1</td>\n",
       "      <td>1</td>\n",
       "      <td>2</td>\n",
       "      <td>2</td>\n",
       "      <td>1</td>\n",
       "      <td>2</td>\n",
       "      <td>1</td>\n",
       "      <td>1</td>\n",
       "      <td>1</td>\n",
       "      <td>1</td>\n",
       "      <td>1</td>\n",
       "      <td>1</td>\n",
       "      <td>1</td>\n",
       "      <td>1</td>\n",
       "      <td>2</td>\n",
       "      <td>1</td>\n",
       "      <td>1</td>\n",
       "      <td>1</td>\n",
       "      <td>1</td>\n",
       "    </tr>\n",
       "    <tr>\n",
       "      <th>1</th>\n",
       "      <td>2</td>\n",
       "      <td>1</td>\n",
       "      <td>1</td>\n",
       "      <td>1</td>\n",
       "      <td>1</td>\n",
       "      <td>1</td>\n",
       "      <td>1</td>\n",
       "      <td>1</td>\n",
       "      <td>2</td>\n",
       "      <td>1</td>\n",
       "      <td>2</td>\n",
       "      <td>1</td>\n",
       "      <td>1</td>\n",
       "      <td>3</td>\n",
       "      <td>2</td>\n",
       "      <td>2</td>\n",
       "      <td>1</td>\n",
       "      <td>2</td>\n",
       "      <td>4</td>\n",
       "      <td>1</td>\n",
       "    </tr>\n",
       "    <tr>\n",
       "      <th>2</th>\n",
       "      <td>2</td>\n",
       "      <td>2</td>\n",
       "      <td>1</td>\n",
       "      <td>2</td>\n",
       "      <td>2</td>\n",
       "      <td>1</td>\n",
       "      <td>2</td>\n",
       "      <td>1</td>\n",
       "      <td>2</td>\n",
       "      <td>2</td>\n",
       "      <td>1</td>\n",
       "      <td>1</td>\n",
       "      <td>1</td>\n",
       "      <td>2</td>\n",
       "      <td>1</td>\n",
       "      <td>2</td>\n",
       "      <td>1</td>\n",
       "      <td>1</td>\n",
       "      <td>2</td>\n",
       "      <td>1</td>\n",
       "    </tr>\n",
       "    <tr>\n",
       "      <th>3</th>\n",
       "      <td>2</td>\n",
       "      <td>1</td>\n",
       "      <td>2</td>\n",
       "      <td>2</td>\n",
       "      <td>2</td>\n",
       "      <td>1</td>\n",
       "      <td>1</td>\n",
       "      <td>1</td>\n",
       "      <td>2</td>\n",
       "      <td>2</td>\n",
       "      <td>2</td>\n",
       "      <td>1</td>\n",
       "      <td>2</td>\n",
       "      <td>3</td>\n",
       "      <td>2</td>\n",
       "      <td>2</td>\n",
       "      <td>1</td>\n",
       "      <td>3</td>\n",
       "      <td>3</td>\n",
       "      <td>2</td>\n",
       "    </tr>\n",
       "    <tr>\n",
       "      <th>4</th>\n",
       "      <td>2</td>\n",
       "      <td>1</td>\n",
       "      <td>1</td>\n",
       "      <td>1</td>\n",
       "      <td>2</td>\n",
       "      <td>1</td>\n",
       "      <td>2</td>\n",
       "      <td>1</td>\n",
       "      <td>1</td>\n",
       "      <td>1</td>\n",
       "      <td>2</td>\n",
       "      <td>1</td>\n",
       "      <td>2</td>\n",
       "      <td>3</td>\n",
       "      <td>1</td>\n",
       "      <td>2</td>\n",
       "      <td>2</td>\n",
       "      <td>2</td>\n",
       "      <td>3</td>\n",
       "      <td>2</td>\n",
       "    </tr>\n",
       "  </tbody>\n",
       "</table>\n",
       "</div>"
      ],
      "text/plain": [
       "   1  2  3  4  5  6  7  8  9  10  11  12  13  14  15  16  17  18  19  20\n",
       "0  2  1  1  2  2  1  2  1  1   1   1   1   1   1   1   2   1   1   1   1\n",
       "1  2  1  1  1  1  1  1  1  2   1   2   1   1   3   2   2   1   2   4   1\n",
       "2  2  2  1  2  2  1  2  1  2   2   1   1   1   2   1   2   1   1   2   1\n",
       "3  2  1  2  2  2  1  1  1  2   2   2   1   2   3   2   2   1   3   3   2\n",
       "4  2  1  1  1  2  1  2  1  1   1   2   1   2   3   1   2   2   2   3   2"
      ]
     },
     "execution_count": 3,
     "metadata": {},
     "output_type": "execute_result"
    }
   ],
   "source": [
    "#dane bez numerow klas\n",
    "data = pd.read_csv ('bialaczka.csv', encoding= 'unicode_escape', sep=\";\", usecols=[2,3,4,5,6,7,8,9,10,11,12,13,14,15,16,17,18,19,20,21])\n",
    "data.head()"
   ]
  },
  {
   "cell_type": "code",
   "execution_count": 4,
   "metadata": {},
   "outputs": [],
   "source": [
    "#CHI2\n",
    "chi2, p = chi2(data, classes)"
   ]
  },
  {
   "cell_type": "code",
   "execution_count": 5,
   "metadata": {},
   "outputs": [],
   "source": [
    "results = pd.DataFrame(chi2, columns=[\"Chi\"])\n"
   ]
  },
  {
   "cell_type": "code",
   "execution_count": 6,
   "metadata": {},
   "outputs": [],
   "source": [
    "results[\"Cecha\"] = features_names\n"
   ]
  },
  {
   "cell_type": "code",
   "execution_count": 7,
   "metadata": {},
   "outputs": [
    {
     "data": {
      "text/html": [
       "<div>\n",
       "<style scoped>\n",
       "    .dataframe tbody tr th:only-of-type {\n",
       "        vertical-align: middle;\n",
       "    }\n",
       "\n",
       "    .dataframe tbody tr th {\n",
       "        vertical-align: top;\n",
       "    }\n",
       "\n",
       "    .dataframe thead th {\n",
       "        text-align: right;\n",
       "    }\n",
       "</style>\n",
       "<table border=\"1\" class=\"dataframe\">\n",
       "  <thead>\n",
       "    <tr style=\"text-align: right;\">\n",
       "      <th></th>\n",
       "      <th>Chi</th>\n",
       "      <th>Cecha</th>\n",
       "    </tr>\n",
       "  </thead>\n",
       "  <tbody>\n",
       "    <tr>\n",
       "      <th>3</th>\n",
       "      <td>112.952047</td>\n",
       "      <td>miejsce krwawienia</td>\n",
       "    </tr>\n",
       "    <tr>\n",
       "      <th>16</th>\n",
       "      <td>61.046859</td>\n",
       "      <td>stan pobudzenia szpiku</td>\n",
       "    </tr>\n",
       "    <tr>\n",
       "      <th>18</th>\n",
       "      <td>55.064338</td>\n",
       "      <td>poziom limfocytow</td>\n",
       "    </tr>\n",
       "    <tr>\n",
       "      <th>1</th>\n",
       "      <td>52.168346</td>\n",
       "      <td>anemia</td>\n",
       "    </tr>\n",
       "    <tr>\n",
       "      <th>13</th>\n",
       "      <td>50.004024</td>\n",
       "      <td>obnizenie liczby RBC</td>\n",
       "    </tr>\n",
       "    <tr>\n",
       "      <th>17</th>\n",
       "      <td>41.962909</td>\n",
       "      <td>glowne komorki w szpiku</td>\n",
       "    </tr>\n",
       "    <tr>\n",
       "      <th>11</th>\n",
       "      <td>19.597693</td>\n",
       "      <td>galka oczna</td>\n",
       "    </tr>\n",
       "    <tr>\n",
       "      <th>14</th>\n",
       "      <td>14.883925</td>\n",
       "      <td>liczba plytek krwi</td>\n",
       "    </tr>\n",
       "    <tr>\n",
       "      <th>5</th>\n",
       "      <td>11.920742</td>\n",
       "      <td>wrazliwosc mostka</td>\n",
       "    </tr>\n",
       "    <tr>\n",
       "      <th>9</th>\n",
       "      <td>11.062851</td>\n",
       "      <td>powiekszenie jader</td>\n",
       "    </tr>\n",
       "    <tr>\n",
       "      <th>19</th>\n",
       "      <td>10.667800</td>\n",
       "      <td>reakcja</td>\n",
       "    </tr>\n",
       "    <tr>\n",
       "      <th>12</th>\n",
       "      <td>10.667800</td>\n",
       "      <td>poziom WBC</td>\n",
       "    </tr>\n",
       "    <tr>\n",
       "      <th>10</th>\n",
       "      <td>8.301076</td>\n",
       "      <td>uszkodzenie w secu plucach nerce</td>\n",
       "    </tr>\n",
       "    <tr>\n",
       "      <th>4</th>\n",
       "      <td>8.078569</td>\n",
       "      <td>bole kosci</td>\n",
       "    </tr>\n",
       "    <tr>\n",
       "      <th>6</th>\n",
       "      <td>8.003709</td>\n",
       "      <td>powiekszenie wezlow chlonnych</td>\n",
       "    </tr>\n",
       "    <tr>\n",
       "      <th>15</th>\n",
       "      <td>7.794623</td>\n",
       "      <td>niedojrzale komorki (blastyczne)</td>\n",
       "    </tr>\n",
       "    <tr>\n",
       "      <th>8</th>\n",
       "      <td>7.077800</td>\n",
       "      <td>centralny uklad nerwowy</td>\n",
       "    </tr>\n",
       "    <tr>\n",
       "      <th>7</th>\n",
       "      <td>5.867934</td>\n",
       "      <td>powiekszenie watroby i sledziony</td>\n",
       "    </tr>\n",
       "    <tr>\n",
       "      <th>2</th>\n",
       "      <td>3.735104</td>\n",
       "      <td>stopien krwawienia</td>\n",
       "    </tr>\n",
       "    <tr>\n",
       "      <th>0</th>\n",
       "      <td>1.762313</td>\n",
       "      <td>temperatura</td>\n",
       "    </tr>\n",
       "  </tbody>\n",
       "</table>\n",
       "</div>"
      ],
      "text/plain": [
       "           Chi                             Cecha\n",
       "3   112.952047                miejsce krwawienia\n",
       "16   61.046859            stan pobudzenia szpiku\n",
       "18   55.064338                 poziom limfocytow\n",
       "1    52.168346                            anemia\n",
       "13   50.004024              obnizenie liczby RBC\n",
       "17   41.962909           glowne komorki w szpiku\n",
       "11   19.597693                       galka oczna\n",
       "14   14.883925                liczba plytek krwi\n",
       "5    11.920742                 wrazliwosc mostka\n",
       "9    11.062851                powiekszenie jader\n",
       "19   10.667800                           reakcja\n",
       "12   10.667800                        poziom WBC\n",
       "10    8.301076  uszkodzenie w secu plucach nerce\n",
       "4     8.078569                        bole kosci\n",
       "6     8.003709     powiekszenie wezlow chlonnych\n",
       "15    7.794623  niedojrzale komorki (blastyczne)\n",
       "8     7.077800           centralny uklad nerwowy\n",
       "7     5.867934  powiekszenie watroby i sledziony\n",
       "2     3.735104                stopien krwawienia\n",
       "0     1.762313                       temperatura"
      ]
     },
     "execution_count": 7,
     "metadata": {},
     "output_type": "execute_result"
    }
   ],
   "source": [
    "#Sortowanie wynikow\n",
    "results.sort_values(by=['Chi'], ascending=False, inplace=True)\n",
    "\n",
    "results"
   ]
  },
  {
   "cell_type": "code",
   "execution_count": 8,
   "metadata": {},
   "outputs": [],
   "source": [
    "#X = test_data.reset_index()\n",
    "# classes['KLASA']\n",
    "dataset = np.genfromtxt(\"bialaczka.csv\" , delimiter=\";\")\n",
    "dataset = dataset.astype(np.int32)\n",
    "X = dataset[1:, 2:-1]\n",
    "y = dataset[1:, -1].astype(int)\n",
    "# print(y)\n"
   ]
  },
  {
   "cell_type": "code",
   "execution_count": 9,
   "metadata": {},
   "outputs": [
    {
     "name": "stdout",
     "output_type": "stream",
     "text": [
      "[[2 1 1 ... 1 1 1]\n",
      " [2 1 1 ... 2 4 1]\n",
      " [2 2 1 ... 1 2 1]\n",
      " ...\n",
      " [2 1 1 ... 1 1 2]\n",
      " [2 3 1 ... 1 1 1]\n",
      " [1 3 1 ... 2 2 2]]\n",
      "410\n"
     ]
    }
   ],
   "source": [
    "clfs= {\n",
    "    'model1Euc': KNeighborsClassifier(n_neighbors=1,metric=\"euclidean\"),\n",
    "    'model5Euc': KNeighborsClassifier(n_neighbors=5,metric=\"euclidean\"),\n",
    "    'model10Euc': KNeighborsClassifier(n_neighbors=10,metric=\"euclidean\"),\n",
    "    'model1Cheb': KNeighborsClassifier(n_neighbors=1,metric=\"chebyshev\"),\n",
    "    'model5Cheb': KNeighborsClassifier(n_neighbors=5,metric=\"chebyshev\"),\n",
    "    'model10Cheb': KNeighborsClassifier(n_neighbors=10,metric=\"chebyshev\")\n",
    "}\n",
    "print(X)\n",
    "print(len(X))\n",
    "\n",
    "features= {\n",
    "    '1 feature' : (X[:, [3]]),\n",
    "    '2 features': (X[:, [3,16]]),\n",
    "    '3 features': (X[:, [3,16, 18]]),\n",
    "    '4 features': (X[:, [3,16, 18, 1]]),\n",
    "    '5 features': (X[:, [3,16, 18, 1, 13]]),\n",
    "    '6 features': (X[:, [3,16, 18, 1, 13, 17]]),\n",
    "    '7 features': (X[:, [3,16, 18, 1, 13, 17, 11]])\n",
    "}\n",
    "\n",
    "# for a, b in enumerate(features):\n",
    "#     print(features[b])\n",
    "random_state = 42\n",
    "n_splits = 2\n",
    "n_repeats = 5\n",
    "rskf = RepeatedStratifiedKFold(n_splits = n_splits, n_repeats = n_repeats, random_state = random_state)\n",
    "\n",
    "scores = np.zeros((len(features), len(clfs),  n_splits * n_repeats))\n",
    "\n",
    "for feature_id, feature_name in enumerate(features):\n",
    "    X = features[feature_name]\n",
    "    for fold_id, (train, test) in enumerate(rskf.split(X, y)):\n",
    "        for clf_id, clf_name in enumerate(clfs):\n",
    "            clf = (clfs[clf_name])\n",
    "            clf.fit(X[train], y[train])\n",
    "            y_pred = clf.predict(X[test])\n",
    "            scores[feature_id, clf_id, fold_id] = accuracy_score(y[test], y_pred)"
   ]
  },
  {
   "cell_type": "code",
   "execution_count": 10,
   "metadata": {},
   "outputs": [
    {
     "name": "stdout",
     "output_type": "stream",
     "text": [
      " 1 feature, model1Euc: 0.062 (0.02)\n",
      " 1 feature, model5Euc: 0.068 (0.01)\n",
      " 1 feature, model10Euc: 0.060 (0.01)\n",
      " 1 feature, model1Cheb: 0.055 (0.02)\n",
      " 1 feature, model5Cheb: 0.067 (0.01)\n",
      " 1 feature, model10Cheb: 0.068 (0.00)\n",
      " 2 features, model1Euc: 0.140 (0.00)\n",
      " 2 features, model5Euc: 0.112 (0.01)\n",
      " 2 features, model10Euc: 0.113 (0.04)\n",
      " 2 features, model1Cheb: 0.141 (0.04)\n",
      " 2 features, model5Cheb: 0.119 (0.01)\n",
      " 2 features, model10Cheb: 0.128 (0.02)\n",
      " 3 features, model1Euc: 0.137 (0.01)\n",
      " 3 features, model5Euc: 0.155 (0.03)\n",
      " 3 features, model10Euc: 0.146 (0.02)\n",
      " 3 features, model1Cheb: 0.158 (0.03)\n",
      " 3 features, model5Cheb: 0.155 (0.02)\n",
      " 3 features, model10Cheb: 0.140 (0.03)\n",
      " 4 features, model1Euc: 0.139 (0.02)\n",
      " 4 features, model5Euc: 0.134 (0.03)\n",
      " 4 features, model10Euc: 0.141 (0.02)\n",
      " 4 features, model1Cheb: 0.189 (0.02)\n",
      " 4 features, model5Cheb: 0.137 (0.02)\n",
      " 4 features, model10Cheb: 0.163 (0.02)\n",
      " 5 features, model1Euc: 0.153 (0.04)\n",
      " 5 features, model5Euc: 0.152 (0.03)\n",
      " 5 features, model10Euc: 0.147 (0.03)\n",
      " 5 features, model1Cheb: 0.205 (0.03)\n",
      " 5 features, model5Cheb: 0.149 (0.04)\n",
      " 5 features, model10Cheb: 0.162 (0.03)\n",
      " 6 features, model1Euc: 0.157 (0.05)\n",
      " 6 features, model5Euc: 0.160 (0.05)\n",
      " 6 features, model10Euc: 0.153 (0.04)\n",
      " 6 features, model1Cheb: 0.185 (0.05)\n",
      " 6 features, model5Cheb: 0.144 (0.05)\n",
      " 6 features, model10Cheb: 0.146 (0.05)\n",
      " 7 features, model1Euc: 0.150 (0.05)\n",
      " 7 features, model5Euc: 0.150 (0.05)\n",
      " 7 features, model10Euc: 0.157 (0.04)\n",
      " 7 features, model1Cheb: 0.179 (0.06)\n",
      " 7 features, model5Cheb: 0.138 (0.05)\n",
      " 7 features, model10Cheb: 0.135 (0.05)\n"
     ]
    }
   ],
   "source": [
    "mean = np.mean(scores, axis=1)\n",
    "std = np.std(scores, axis=1)\n",
    "for feature_id, feature_name in enumerate(features):\n",
    "    for clf_id, clf_name in enumerate(clfs):\n",
    "        print(\" %s, %s: %.3f (%.2f)\" % (feature_name, clf_name, mean[feature_id][clf_id], std[feature_id][clf_id]))\n"
   ]
  },
  {
   "cell_type": "code",
   "execution_count": 11,
   "metadata": {},
   "outputs": [
    {
     "name": "stdout",
     "output_type": "stream",
     "text": [
      "\n",
      "1 features:\n",
      "t-statistic:\n",
      " [[ 0.         -1.98032764 -4.16885     0.         -1.98032764 -4.16885   ]\n",
      " [ 1.98032764  0.         -3.31443603  1.98032764  0.         -3.31443603]\n",
      " [ 4.16885     3.31443603  0.          4.16885     3.31443603  0.        ]\n",
      " [ 0.         -1.98032764 -4.16885     0.         -1.98032764 -4.16885   ]\n",
      " [ 1.98032764  0.         -3.31443603  1.98032764  0.         -3.31443603]\n",
      " [ 4.16885     3.31443603  0.          4.16885     3.31443603  0.        ]] \n",
      "\n",
      "p-value:\n",
      " [[1.00000000e+00 6.31615151e-02 5.76791608e-04 1.00000000e+00\n",
      "  6.31615151e-02 5.76791608e-04]\n",
      " [6.31615151e-02 1.00000000e+00 3.85640817e-03 6.31615151e-02\n",
      "  1.00000000e+00 3.85640817e-03]\n",
      " [5.76791608e-04 3.85640817e-03 1.00000000e+00 5.76791608e-04\n",
      "  3.85640817e-03 1.00000000e+00]\n",
      " [1.00000000e+00 6.31615151e-02 5.76791608e-04 1.00000000e+00\n",
      "  6.31615151e-02 5.76791608e-04]\n",
      " [6.31615151e-02 1.00000000e+00 3.85640817e-03 6.31615151e-02\n",
      "  1.00000000e+00 3.85640817e-03]\n",
      " [5.76791608e-04 3.85640817e-03 1.00000000e+00 5.76791608e-04\n",
      "  3.85640817e-03 1.00000000e+00]]\n",
      "\n",
      "2 features:\n",
      "t-statistic:\n",
      " [[ 0.         -3.25703046 -4.53669899  0.1086429  -2.68267333 -4.05558185]\n",
      " [ 3.25703046  0.         -2.61605002  3.48719364  0.63871402 -1.90751674]\n",
      " [ 4.53669899  2.61605002  0.          4.6969411   2.92188476  0.72610682]\n",
      " [-0.1086429  -3.48719364 -4.6969411   0.         -2.88459996 -4.22508313]\n",
      " [ 2.68267333 -0.63871402 -2.92188476  2.88459996  0.         -2.2593091 ]\n",
      " [ 4.05558185  1.90751674 -0.72610682  4.22508313  2.2593091   0.        ]] \n",
      "\n",
      "p-value:\n",
      " [[1.00000000e+00 4.37707845e-03 2.55473216e-04 9.14687685e-01\n",
      "  1.52003817e-02 7.42065711e-04]\n",
      " [4.37707845e-03 1.00000000e+00 1.74983323e-02 2.63046020e-03\n",
      "  5.31052913e-01 7.25390527e-02]\n",
      " [2.55473216e-04 1.74983323e-02 1.00000000e+00 1.79650422e-04\n",
      "  9.10437683e-03 4.77109604e-01]\n",
      " [9.14687685e-01 2.63046020e-03 1.79650422e-04 1.00000000e+00\n",
      "  9.86803097e-03 5.09055472e-04]\n",
      " [1.52003817e-02 5.31052913e-01 9.10437683e-03 9.86803097e-03\n",
      "  1.00000000e+00 3.65056573e-02]\n",
      " [7.42065711e-04 7.25390527e-02 4.77109604e-01 5.09055472e-04\n",
      "  3.65056573e-02 1.00000000e+00]]\n",
      "\n",
      "3 features:\n",
      "t-statistic:\n",
      " [[ 0.         -4.71789536 -3.26043196  0.72505237 -4.40570213 -0.90070395]\n",
      " [ 4.71789536  0.          0.60142518  5.45752832  0.44566881  3.15844559]\n",
      " [ 3.26043196 -0.60142518  0.          3.82677412 -0.23666844  2.17093922]\n",
      " [-0.72505237 -5.45752832 -3.82677412  0.         -5.17356736 -1.49558173]\n",
      " [ 4.40570213 -0.44566881  0.23666844  5.17356736  0.          2.8286427 ]\n",
      " [ 0.90070395 -3.15844559 -2.17093922  1.49558173 -2.8286427   0.        ]] \n",
      "\n",
      "p-value:\n",
      " [[1.00000000e+00 1.71591188e-04 4.34438910e-03 4.77740561e-01\n",
      "  3.41134547e-04 3.79639192e-01]\n",
      " [1.71591188e-04 1.00000000e+00 5.55056442e-01 3.48698591e-05\n",
      "  6.61150482e-01 5.43667817e-03]\n",
      " [4.34438910e-03 5.55056442e-01 1.00000000e+00 1.23543310e-03\n",
      "  8.15586423e-01 4.35535075e-02]\n",
      " [4.77740561e-01 3.48698591e-05 1.23543310e-03 1.00000000e+00\n",
      "  6.38643036e-05 1.52089560e-01]\n",
      " [3.41134547e-04 6.61150482e-01 8.15586423e-01 6.38643036e-05\n",
      "  1.00000000e+00 1.11312578e-02]\n",
      " [3.79639192e-01 5.43667817e-03 4.35535075e-02 1.52089560e-01\n",
      "  1.11312578e-02 1.00000000e+00]]\n",
      "\n",
      "4 features:\n",
      "t-statistic:\n",
      " [[ 0.          0.1486639   0.65946012  1.05441804  2.32447884  5.15736996]\n",
      " [-0.1486639   0.          0.57580271  0.96295001  2.32379001  5.30080193]\n",
      " [-0.65946012 -0.57580271  0.          0.          0.86298157  2.98775799]\n",
      " [-1.05441804 -0.96295001  0.          0.          1.49611514  4.7458528 ]\n",
      " [-2.32447884 -2.32379001 -0.86298157 -1.49611514  0.          3.37391097]\n",
      " [-5.15736996 -5.30080193 -2.98775799 -4.7458528  -3.37391097  0.        ]] \n",
      "\n",
      "p-value:\n",
      " [[1.00000000e+00 8.83471688e-01 5.17949430e-01 3.05640094e-01\n",
      "  3.19998759e-02 6.61247958e-05]\n",
      " [8.83471688e-01 1.00000000e+00 5.71877977e-01 3.48331726e-01\n",
      "  3.20446764e-02 4.86430106e-05]\n",
      " [5.17949430e-01 5.71877977e-01 1.00000000e+00 1.00000000e+00\n",
      "  3.99500357e-01 7.89267361e-03]\n",
      " [3.05640094e-01 3.48331726e-01 1.00000000e+00 1.00000000e+00\n",
      "  1.51951660e-01 1.61407570e-04]\n",
      " [3.19998759e-02 3.20446764e-02 3.99500357e-01 1.51951660e-01\n",
      "  1.00000000e+00 3.38126643e-03]\n",
      " [6.61247958e-05 4.86430106e-05 7.89267361e-03 1.61407570e-04\n",
      "  3.38126643e-03 1.00000000e+00]]\n",
      "\n",
      "5 features:\n",
      "t-statistic:\n",
      " [[ 0.          0.41084328  0.40680924  1.5293912   5.51884064  7.20294058]\n",
      " [-0.41084328  0.         -0.03930731  0.78461538  4.34220126  5.9642698 ]\n",
      " [-0.40680924  0.03930731  0.          0.94030433  4.80964214  6.49776929]\n",
      " [-1.5293912  -0.78461538 -0.94030433  0.          4.98124461  6.87191952]\n",
      " [-5.51884064 -4.34220126 -4.80964214 -4.98124461  0.          2.15749905]\n",
      " [-7.20294058 -5.9642698  -6.49776929 -6.87191952 -2.15749905  0.        ]] \n",
      "\n",
      "p-value:\n",
      " [[1.00000000e+00 6.86037089e-01 6.88944575e-01 1.43551279e-01\n",
      "  3.06357105e-05 1.05641026e-06]\n",
      " [6.86037089e-01 1.00000000e+00 9.69078074e-01 4.42883522e-01\n",
      "  3.92609720e-04 1.21265913e-05]\n",
      " [6.88944575e-01 9.69078074e-01 1.00000000e+00 3.59510070e-01\n",
      "  1.40411967e-04 4.13288466e-06]\n",
      " [1.43551279e-01 4.42883522e-01 3.59510070e-01 1.00000000e+00\n",
      "  9.66891738e-05 1.98736269e-06]\n",
      " [3.06357105e-05 3.92609720e-04 1.40411967e-04 9.66891738e-05\n",
      "  1.00000000e+00 4.47286911e-02]\n",
      " [1.05641026e-06 1.21265913e-05 4.13288466e-06 1.98736269e-06\n",
      "  4.47286911e-02 1.00000000e+00]]\n",
      "\n",
      "6 features:\n",
      "t-statistic:\n",
      " [[  0.          -0.08836917   1.11886565   4.26239249   9.42202898\n",
      "    9.03494265]\n",
      " [  0.08836917   0.           1.64150943   6.29073535  13.64277561\n",
      "   13.02921636]\n",
      " [ -1.11886565  -1.64150943   0.           3.92677736  10.47667262\n",
      "    9.96539989]\n",
      " [ -4.26239249  -6.29073535  -3.92677736   0.           7.36591508\n",
      "    6.81296501]\n",
      " [ -9.42202898 -13.64277561 -10.47667262  -7.36591508   0.\n",
      "   -0.48408353]\n",
      " [ -9.03494265 -13.02921636  -9.96539989  -6.81296501   0.48408353\n",
      "    0.        ]] \n",
      "\n",
      "p-value:\n",
      " [[1.00000000e+00 9.30559021e-01 2.77907092e-01 4.68597557e-04\n",
      "  2.21460961e-08 4.15722462e-08]\n",
      " [9.30559021e-01 1.00000000e+00 1.18047825e-01 6.24778050e-06\n",
      "  6.23194249e-11 1.32708239e-10]\n",
      " [2.77907092e-01 1.18047825e-01 1.00000000e+00 9.88630857e-04\n",
      "  4.34140304e-09 9.42000695e-09]\n",
      " [4.68597557e-04 6.24778050e-06 9.88630857e-04 1.00000000e+00\n",
      "  7.78184171e-07 2.22758047e-06]\n",
      " [2.21460961e-08 6.23194249e-11 4.34140304e-09 7.78184171e-07\n",
      "  1.00000000e+00 6.34163879e-01]\n",
      " [4.15722462e-08 1.32708239e-10 9.42000695e-09 2.22758047e-06\n",
      "  6.34163879e-01 1.00000000e+00]]\n",
      "\n",
      "7 features:\n",
      "t-statistic:\n",
      " [[  0.           0.85725086   0.16174916   6.42796334   9.5110002\n",
      "   10.55676173]\n",
      " [ -0.85725086   0.          -0.71360905   8.10252152  11.60810941\n",
      "   14.36345777]\n",
      " [ -0.16174916   0.71360905   0.           6.6873398    9.88236236\n",
      "   11.13960233]\n",
      " [ -6.42796334  -8.10252152  -6.6873398    0.           5.01002947\n",
      "    6.19272233]\n",
      " [ -9.5110002  -11.60810941  -9.88236236  -5.01002947   0.\n",
      "   -0.12222013]\n",
      " [-10.55676173 -14.36345777 -11.13960233  -6.19272233   0.12222013\n",
      "    0.        ]] \n",
      "\n",
      "p-value:\n",
      " [[1.00000000e+00 4.02576041e-01 8.73305160e-01 4.74774813e-06\n",
      "  1.92092663e-08 3.85495784e-09]\n",
      " [4.02576041e-01 1.00000000e+00 4.84619679e-01 2.04327991e-07\n",
      "  8.59627795e-10 2.65703023e-11]\n",
      " [8.73305160e-01 4.84619679e-01 1.00000000e+00 2.84521733e-06\n",
      "  1.07115429e-08 1.65557328e-09]\n",
      " [4.74774813e-06 2.04327991e-07 2.84521733e-06 1.00000000e+00\n",
      "  9.08483424e-05 7.61300225e-06]\n",
      " [1.92092663e-08 8.59627795e-10 1.07115429e-08 9.08483424e-05\n",
      "  1.00000000e+00 9.04078890e-01]\n",
      " [3.85495784e-09 2.65703023e-11 1.65557328e-09 7.61300225e-06\n",
      "  9.04078890e-01 1.00000000e+00]]\n"
     ]
    }
   ],
   "source": [
    "alfa = 0.05\n",
    "t_statistic = np.zeros((len(clfs), len(clfs)))\n",
    "p_value = np.zeros((len(clfs), len(clfs)))\n",
    "\n",
    "for x in range(len(features)):\n",
    "    for i in range(len(clfs)):\n",
    "        for j in range(len(clfs)):\n",
    "            t_statistic[i, j], p_value[i, j] = ttest_ind(scores[x][i], scores[x][j])\n",
    "    print(\"\\n\" + str(x + 1) + \" features:\")\n",
    "    print(\"t-statistic:\\n\", t_statistic, \"\\n\\np-value:\\n\", p_value)\n",
    "\n"
   ]
  }
 ],
 "metadata": {
  "kernelspec": {
   "display_name": "Python 3",
   "language": "python",
   "name": "python3"
  },
  "language_info": {
   "codemirror_mode": {
    "name": "ipython",
    "version": 3
   },
   "file_extension": ".py",
   "mimetype": "text/x-python",
   "name": "python",
   "nbconvert_exporter": "python",
   "pygments_lexer": "ipython3",
   "version": "3.8.6"
  }
 },
 "nbformat": 4,
 "nbformat_minor": 4
}
